--- 페이지 1 ---
1.계절조정계열
1-1. 평잔
(계절조정계열 기준 전기대비 증감율, %)
Lf 포함 금융상품
예금취급기관 발행 금융상품 3) M2 : 보유 주체별 5)
연월중 M1 M2 Lf M2 포함 금융상품 기타금융기관 포함 보유주체
협의통화 광의통화 (구M2) 금융기관유동성 M1 포함 금융상품 가계 및 6) 비금융기업 7) 기타 8) Non-MMF 보험기관 연금기금 9) 기타금융 10) 금융 11) 전속금융 12) 기타부문 13)
현금통화 요구불예금 수시입출식 MMF 2년미만 시장형상품 1) 2년미만 2년미만 기타 2) 2년이상 장기 비예금취급기관 4) 비영리단체 금융기관 중개기관 보조기관 기관 및
저축성예금 정기예적금 금융채 금전신탁 금융상품 발행 금융상품 대부업체
2022 4.2 9.8 8.5 8.3 11.8 5.7 2.0 0.5 16.0 44.5 18.6 6.6 8.7 -1.0 5.7 9.7 6.9 15.3 11.9
2023 -10.6 3.8 2.9 3.5 1.5 -12.8 -12.0 17.4 18.4 37.6 11.9 -16.4 6.6 4.4 2.0 8.5 -1.9 -2.1 6.9
2024 2.9 3.3 5.6 6.4 6.6 2.0 2.4 -1.4 3.7 1.4 10.6 -4.3 9.4 7.5 12.5 6.2 0.0 1.6 16.5 1.0 -11.0 3.3 2.0 2.1 -5.5
2024.10 0.3 0.2 0.9 0.6 1.4 0.3 -0.1 0.7 0.2 -1.4 -0.1 0.8 -0.8 0.5 1.5 -0.2 1.1 0.9 -0.5 3.8 1.0 0.7 -5.0 4.8 -2.4
11 0.8 0.4 0.8 0.4 0.8 0.9 0.8 1.0 -0.2 -0.1 0.4 2.1 0.8 1.1 0.1 0.6 1.0 0.4 0.2 -1.1 -0.5 1.2 1.6 -0.6 -1.5
12 1.3 0.7 0.9 0.7 1.0 0.6 1.7 -0.4 0.2 4.7 -3.0 0.7 3.3 -0.3 0.9 0.2 2.0 -1.0 -2.9 -2.1 1.8 -0.3 -2.6 -4.9 2.2
2025.01 1.1 0.6 0.5 0.6 0.7 1.4 1.0 0.8 -0.2 5.5 -0.3 2.1 1.8 0.4 0.8 0.3 1.2 1.3 0.2 -1.8 1.5 1.2 6.8 2.0 -0.6
02 -0.5 0.1 0.7 0.9 1.1 0.3 -1.4 2.0 0.1 -3.5 0.6 1.7 1.4 0.0 2.9 0.0 -0.3 1.6 1.7 -1.6 -0.9 3.6 -0.5 2.3 -0.8
03 -0.1 -0.3 -0.1 0.0 0.2 0.4 -0.5 -2.7 -0.1 2.1 -2.2 1.1 -1.8 0.7 0.4 0.5 -1.1 -2.3 0.9 -0.4 -0.2 -4.1 -1.2 -3.5 1.7
04 0.0 0.4 0.2 0.5 0.4 0.1 -0.1 3.1 0.7 0.3 -1.4 1.4 -1.8 1.6 0.4 0.1 0.6 2.2 0.3 -0.8 -0.4 1.5 8.0 10.5 -4.7
05 0.4 0.7 1.1 0.7 0.6 -0.5 0.8 4.0 0.7 -2.2 -0.6 2.3 0.5 -0.4 1.2 0.4 0.5 2.1 4.2 -1.2 -0.4 1.5 0.0 10.8 -0.8
06 0.3 0.5 0.7 0.5 0.8 0.2 0.3 4.7 0.3 0.2 1.7 1.0 -0.4 0.4 0.7 0.3 0.2 1.4 7.5 -0.8 -0.3 2.3 -3.6 0.3 0.4
07 1.1 0.5 0.8 0.5 0.8 1.9 0.8 -1.3 0.0 -1.5 -1.3 1.2 2.2 1.1 0.9 0.3 0.3 0.4 2.4 0.9 0.2 0.3 -1.0 0.3 1.5
08 1.2 1.1 1.3 0.9 1.0 1.0 1.3 4.2 0.2 0.7 1.6 3.4 2.2 0.7 0.9 0.4 1.0 2.8 1.3 0.4 -0.6 4.0 -1.1 9.1 1.3
09 0.9 0.4 0.7 0.6 1.2 1.2 0.6 0.6 -0.1 1.9 -0.5 1.3 0.9 0.6 1.0 0.3 1.0 0.8 -1.1 2.4 -0.9 1.7 -2.2 2.2 0.9
10 1.0 0.0 0.9 0.5 0.5 0.6 1.3 -2.7 0.0 -10.1 0.8 -0.8 0.5 0.0 1.6 0.5 -0.2 -0.5 -0.4 1.4 -0.7 -0.3 -7.8 1.6 0.1
11 0.3 -0.1 0.6 0.1 1.6 -0.4 0.3 0.7 -0.8 2.9 2.6 0.5 0.3 0.5 0.5 -0.6 0.9 1.6 -0.2 -3.2 -1.1 3.4 -3.8 4.8 -3.7
12p 0.6 0.6 0.5 0.1 0.3 0.2 1.0 2.4 -0.1 10.1 -1.2 -1.1 3.9 -0.7 0.2 0.5 1.2 0.4 3.7 2.4 0.4 0.4 0.9 -3.8 -3.4
(계절조정계열 기준 잔액, 십억원)
Lf 포함 금융상품
예금취급기관 발행 금융상품 3) M2 : 보유 주체별 5)
연월중 M1 M2 Lf M2 포함 금융상품 기타금융기관 포함 보유주체
협의통화 광의통화 (구M2) 금융기관유동성 M1 포함 금융상품 가계 및 6) 비금융기업 7) 기타 8) Non-MMF 보험기관 연금기금 9) 기타금융 10) 금융 11) 전속금융 12) 기타부문 13)
현금통화 요구불예금 수시입출식 MMF 2년미만 시장형상품 1) 2년미만 2년미만 기타 2) 2년이상 장기 비예금취급기관 4) 비영리단체 금융기관 중개기관 보조기관 기관 및
저축성예금 정기예적금 금융채 금전신탁 금융상품 발행 금융상품 대부업체
2022 1,339,467.6 3,565,446.6 3,722,787.2 5,001,766.7 161,442.7 414,551.0 763,473.9 131,500.9 1,401,004.9 45,032.9 135,958.5 300,592.7 211,889.1 397,847.7 1,376,325.8 1,828,721.4 1,010,198.8 549,347.0 177,179.3
2023 1,196,958.8 3,701,851.6 3,830,620.4 5,174,679.9 163,939.4 361,315.3 671,704.0 154,321.7 1,659,434.0 61,982.1 152,101.9 251,219.2 225,833.9 415,196.1 1,404,472.3 1,983,725.9 991,169.7 537,609.8 47,661.1 50,669.7 119,418.1 227,875.7 40,059.7 55,575.9 189,346.2
2024 1,231,309.2 3,823,112.0 4,045,625.9 5,507,485.7 174,713.3 368,568.4 688,027.5 152,127.2 1,720,977.5 62,840.8 168,238.4 240,447.8 247,171.2 446,467.0 1,579,352.3 2,107,464.5 990,723.5 545,995.7 55,511.9 51,183.9 106,310.8 235,417.0 40,855.7 56,716.4 178,928.4
2024.10 1,237,040.5 3,856,925.3 4,116,393.1 5,615,877.9 178,141.7 368,660.1 690,238.7 151,680.5 1,749,094.9 56,705.5 172,636.8 234,921.9 254,845.3 458,269.7 1,645,433.6 2,135,893.5 1,001,338.6 550,850.8 55,868.2 53,294.4 104,468.8 238,860.7 39,447.2 58,911.6 166,283.5
11 1,246,982.0 3,873,037.6 4,148,210.9 5,636,450.2 179,526.7 371,917.7 695,537.6 153,164.1 1,746,298.0 56,635.8 173,256.4 239,902.8 256,798.5 463,449.7 1,646,860.4 2,148,165.5 1,011,616.5 552,974.3 55,986.1 52,733.2 103,978.7 241,616.1 40,085.4 58,574.8 163,824.2
12 1,262,821.9 3,898,999.4 4,183,692.0 5,678,240.7 181,272.9 374,234.4 707,314.6 152,529.2 1,749,704.6 59,283.7 167,976.2 241,532.0 265,151.7 462,047.1 1,662,273.3 2,152,691.2 1,031,783.5 547,527.8 54,363.6 51,620.1 105,845.6 240,938.5 39,039.4 55,720.7 167,496.1
2025.01 1,276,135.5 3,922,757.1 4,203,802.3 5,713,864.9 182,505.3 379,465.2 714,165.0 153,790.9 1,746,469.2 62,535.9 167,534.3 246,498.5 269,792.8 463,772.1 1,674,749.3 2,159,756.6 1,044,583.8 554,912.9 54,459.1 50,684.9 107,394.1 243,831.0 41,706.1 56,837.7 166,410.6
02 1,269,382.9 3,926,523.6 4,231,571.3 5,763,203.2 184,423.4 380,647.8 704,311.6 156,790.1 1,747,351.2 60,367.5 168,570.3 250,605.8 273,455.9 463,649.5 1,722,851.6 2,160,533.9 1,041,381.3 563,992.6 55,412.1 49,884.7 106,475.3 252,569.5 41,514.8 58,136.3 165,002.4
03 1,268,289.6 3,915,483.4 4,227,692.6 5,763,681.6 184,837.7 382,326.5 701,125.4 152,491.6 1,746,470.6 61,624.4 164,832.4 253,357.2 268,417.7 467,109.7 1,729,151.5 2,170,786.6 1,030,002.8 551,054.7 55,936.5 49,663.9 106,227.3 242,117.3 40,998.1 56,111.7 167,783.7
04 1,268,618.5 3,929,779.0 4,235,819.5 5,790,294.8 185,549.5 382,893.6 700,175.3 157,167.7 1,759,366.6 61,792.1 162,495.3 256,790.2 263,548.6 474,532.7 1,736,494.6 2,172,812.0 1,036,605.3 563,199.0 56,099.4 49,269.0 105,804.9 245,762.1 44,273.2 61,990.4 159,881.5
05 1,273,099.7 3,957,728.3 4,280,448.6 5,830,648.5 186,633.5 380,941.8 705,524.4 163,465.9 1,771,529.1 60,402.0 161,588.0 262,752.1 264,891.4 472,864.6 1,757,321.1 2,182,299.2 1,042,005.1 575,005.9 58,449.9 48,678.6 105,376.4 249,543.5 44,279.3 68,678.2 158,591.1
06 1,277,054.2 3,979,473.3 4,308,457.5 5,861,373.6 188,159.7 381,536.1 707,358.5 171,090.1 1,777,090.4 60,541.5 164,393.7 265,355.1 263,948.2 474,563.1 1,769,917.8 2,189,145.9 1,044,150.1 583,102.7 62,845.2 48,278.5 105,097.9 255,310.0 42,692.5 68,878.6 159,217.7
07 1,291,508.1 3,997,486.9 4,344,328.3 5,893,461.3 189,662.3 388,672.6 713,173.2 168,797.0 1,777,030.9 59,655.2 162,298.9 268,567.6 269,629.2 479,645.3 1,785,597.0 2,196,183.4 1,047,561.3 585,724.3 64,324.5 48,733.1 105,289.8 256,067.6 42,255.8 69,053.5 161,537.8
08 1,306,387.0 4,040,694.6 4,400,158.2 5,949,413.3 191,542.2 392,552.5 722,292.4 175,874.5 1,780,052.3 60,048.1 164,934.7 277,827.5 275,570.4 482,786.4 1,801,152.9 2,206,031.1 1,058,531.8 602,240.2 65,177.9 48,906.4 104,692.9 266,301.7 41,790.8 75,370.5 163,562.7
09 1,317,623.5 4,057,516.7 4,430,496.6 5,987,664.6 193,756.8 397,242.5 726,624.3 177,002.2 1,778,130.3 61,201.3 164,076.4 281,530.6 277,952.2 485,627.4 1,818,625.7 2,212,621.1 1,069,162.4 606,994.2 64,447.3 50,066.5 103,782.6 270,818.5 40,873.1 77,006.2 165,045.6
10 1,330,603.9 4,059,450.7 4,471,555.8 6,017,425.8 194,755.0 399,650.2 736,198.7 172,162.0 1,777,647.0 55,029.4 165,320.1 279,300.8 279,387.6 485,584.8 1,847,909.0 2,222,607.0 1,067,467.7 603,794.7 64,165.2 50,781.2 103,065.1 269,900.5 37,679.2 78,203.5 165,184.6
11 1,334,262.0 4,057,301.5 4,498,519.3 6,023,928.8 197,797.1 397,854.7 738,610.1 173,285.4 1,762,773.1 56,606.8 169,566.1 280,647.5 280,160.6 488,080.7 1,857,311.9 2,210,318.0 1,076,746.5 612,402.7 64,033.0 49,133.7 101,836.9 279,182.9 36,233.5 81,982.8 159,068.9
12p 1,342,901.3 4,080,672.2 4,521,103.2 6,029,854.4 198,336.4 398,670.0 745,894.9 177,467.8 1,761,772.8 62,348.2 167,519.5 277,580.1 291,082.5 484,812.9 1,861,508.6 2,220,719.6 1,089,643.9 614,725.2 66,406.1 50,297.5 102,226.6 280,360.0 36,549.5 78,885.4 153,649.3
주 : 1) CD, RP, 매출어음 2) CMA, 만기 2년미만 외화예수금, 발행어음 등 3) 예금취급기관 발행 금융상품 금액과 구성상품(M2, 2년이상 장기금융상품 등)의 합계가 일치하지 않는 것은 Lf에 새로 추가된 금융상품을 발행하는 비예금취급기관(Non-MMF, 연금기금, 생명보험회사, 한국증권금융)의 예금취급기관 발행 금융상품 보유분을 상호거래로 제거하였기 때문
4) Non-MMF의 수익증권, 연금기금(민간의 퇴직관련 신탁계정 등)의 퇴직연금준비금, 생명보험회사의 생명보험계약준비금, 한국증권금융의 예수금 등
5) 월별 경제주체별 계절조정결과의 합계는 계절변동조정기법의 고유한 특성상 광의통화(M2) 총량의 계절조정결과와 반드시 일치하지는 않음 6) 가계 및 가계의 편익을 위해 봉사하는 민간비영리단체 등 7) 공기업 및 민간기업 등 8) 2025.12월 통화 및 유동성 통계 개편에 따라 기타금융기관의 세분화된 통계를 2023.12월부터 제공
9) 민간의 퇴직관련 신탁계정 등(국민연금기금, 공무원연금기금, 군인연금기금 등 제외) 10) 증권기관, 여신전문기관 등 11) 서민금융기관 중앙회, 자금중개회사, 투자자문회사, 한국거래소, 금융결제원 등 12) SPC, 금융지주회사, 대부업체 등 13) 사회보장기구(국민연금기금, 고용보험기금, 산업재해보상보험 및 예방기금 등) 및 지방자치단체
1 / 8

--- 페이지 2 ---
1. 계절조정계열
1-2. 말잔
L 포함 금융상품 (계절조정계열 기준 전기대비 증감율, %)
Lf 포함 금융상품
예금취급기관 발행 금융상품 3) M2 : 보유 주체별 7)
연월말 M1 M2 Lf L M2 포함 금융상품 기타금융기관 포함 보유주체
협의통화 광의통화 (구M2) 금융기관유동성 광의유동성 M1 포함 금융상품 가계 및 8) 비금융기업 9) 기타 10) Non-MMF 보험기관 연금기금 11) 기타금융 12) 금융 13) 전속금융 14) 기타부문 15)
현금통화 요구불예금 수시입출식 MMF 2년미만 시장형상품 1) 2년미만 2년미만 기타 2) 2년이상 장기 비예금취급기관 4) 기타금융기관 국채,지방채 등 회사채,CP 6) 비영리단체 금융기관 중개기관 보조기관 기관 및
저축성예금 정기예적금 금융채 금전신탁 금융상품 등 발행 금융상품 상품 5) 대부업체
2022 -10.4 7.0 3.6 5.9 6.3 4.2 -9.3 -13.9 15.7 28.1 10.0 19.5 -14.7 13.0 2.6 3.3 -1.0 19.8 6.3 9.7 -1.0 12.4 20.1
2023 -0.1 2.5 4.0 4.3 4.6 4.5 -4.5 1.3 10.4 3.2 53.3 8.0 -7.2 3.7 6.8 6.7 4.8 9.9 0.1 6.0 -1.4 -1.2 -0.1
2024 4.3 4.6 6.8 6.4 5.4 7.8 3.3 3.9 -1.8 5.4 -11.6 7.8 -1.4 13.0 6.6 10.2 1.6 3.7 -1.9 5.9 6.4 1.0 10.0 -3.2 -6.2 5.6 2.3 -6.8 -12.3
2024.10 0.9 0.5 0.9 0.4 0.4 0.8 0.5 1.1 -1.0 0.4 0.1 1.8 0.4 -0.8 0.9 0.0 0.1 0.1 -0.3 0.4 1.7 0.6 1.9 0.4 0.5 0.4 -1.2 2.2 -1.7
11 -0.1 0.2 0.5 0.6 0.6 1.4 0.1 -0.6 4.2 0.0 -0.7 -0.2 0.4 0.4 1.6 1.4 1.7 -0.1 0.3 0.2 0.5 1.1 -1.7 0.0 0.0 3.6 2.8 -4.1 -0.4
12 2.1 1.0 0.5 0.8 0.8 0.9 0.7 3.1 -2.6 0.2 9.2 -5.2 1.1 5.0 -1.6 0.9 0.3 0.7 2.9 0.4 3.0 -4.1 -2.0 -2.4 3.3 -7.1 -4.1 -8.1 2.4
2025.01 0.7 0.1 0.7 0.7 0.6 0.0 3.6 -0.6 -4.6 -0.1 -2.2 0.8 1.8 0.4 0.1 1.7 1.0 -0.3 0.2 0.1 -0.6 6.0 -3.2 -2.3 -0.8 11.1 9.7 12.9 -2.4
02 -0.5 0.1 0.3 0.5 0.5 2.4 -1.8 -0.6 8.6 -0.1 0.2 0.7 2.2 -2.2 1.0 1.7 0.8 0.6 -1.3 0.3 0.0 -0.7 6.9 -0.8 -0.5 -1.2 -3.1 -3.3 -1.0
03 -0.1 -0.1 0.5 0.1 0.2 -0.7 -0.1 0.1 -5.9 0.3 0.9 -4.0 1.9 0.1 0.8 0.5 0.7 1.3 -1.3 0.5 -1.1 -3.3 -4.8 -0.9 -0.3 -7.2 2.5 3.3 0.3
04 0.4 0.9 0.6 1.0 0.8 0.4 0.6 0.3 9.2 0.8 2.1 1.2 1.6 -1.7 1.1 1.3 0.5 0.9 -1.6 -0.3 2.1 4.7 3.9 -1.6 -0.5 6.7 4.8 11.9 -3.0
05 -0.5 0.1 0.7 0.1 0.1 0.8 -0.5 -0.9 2.4 0.4 -5.8 1.3 1.1 0.1 0.4 0.0 -0.4 1.1 0.0 0.8 -0.4 1.8 9.6 -1.6 -0.2 1.8 -5.4 6.2 -1.0
06 1.1 0.5 0.8 0.5 0.5 0.7 0.0 1.8 -1.2 -0.2 -3.4 -0.9 3.4 2.8 -0.7 1.2 0.0 0.8 -0.4 0.7 -1.6 0.0 7.1 1.1 -0.3 -1.5 -5.0 1.7 2.2
07 1.7 0.9 1.3 1.0 0.9 1.0 3.1 1.1 4.9 0.1 -0.5 0.8 1.3 0.7 2.5 0.9 0.5 0.8 -0.8 0.2 2.1 2.3 -0.8 2.5 0.2 3.5 2.0 4.4 1.2
08 0.7 1.0 0.8 0.8 0.8 1.2 0.6 0.6 3.9 0.4 6.2 1.0 0.9 4.0 0.1 0.5 1.7 0.7 -0.6 0.5 1.2 2.7 0.7 -3.7 -1.1 3.7 1.6 11.4 2.3
09 2.0 0.3 0.9 0.6 0.6 0.0 1.5 2.9 -4.7 -0.4 -4.8 -0.5 2.3 -0.7 0.1 1.4 -0.9 1.4 3.4 0.4 1.4 -2.0 1.0 6.5 -0.7 -1.7 -8.6 -8.3 -1.9
10 -0.5 -0.2 0.9 0.2 0.3 3.1 0.2 -1.9 0.6 -0.2 -3.1 1.9 0.9 -1.0 1.0 0.9 0.7 1.1 -0.1 0.1 -1.7 1.5 -2.9 -2.3 -0.7 2.9 -4.1 8.8 -1.6
11 0.2 0.1 0.2 -0.1 0.4 -0.1 -1.6 1.3 -0.2 -0.3 9.4 1.9 -3.9 3.1 -0.6 -0.4 0.0 4.2 2.4 -0.1 1.6 0.9 1.7 -3.2 -1.4 3.1 -3.5 0.1 -0.9
12p 1.9 1.5 0.9 1.5 1.4 0.0 2.2 2.2 3.2 -0.1 12.0 -4.7 4.2 7.9 -1.6 2.5 0.6 -0.1 4.4 0.3 2.7 0.5 3.2 11.0 1.4 -1.6 6.2 -4.4 -6.4
L 포함 금융상품 (계절조정계열 기준 잔액, 십억원)
Lf 포함 금융상품
예금취급기관 발행 금융상품 3) M2 : 보유 주체별 7)
연월말 M1 M2 Lf L M2 포함 금융상품 기타금융기관 포함 보유주체
협의통화 광의통화 (구M2) 금융기관유동성 광의유동성 M1 포함 금융상품 가계 및 8) 비금융기업 9) 기타 10) Non-MMF 보험기관 연금기금 11) 기타금융 12) 금융 13) 전속금융 14) 기타부문 15)
현금통화 요구불예금 수시입출식 MMF 2년미만 시장형상품 1) 2년미만 2년미만 기타 2) 2년이상 장기 비예금취급기관 4) 기타금융기관 국채,지방채 등 회사채,CP 6) 비영리단체 금융기관 중개기관 보조기관 기관 및
저축성예금 정기예적금 금융채 금전신탁 금융상품 등 발행 금융상품 상품 5) 대부업체
2022 1,223,694.3 3,647,132.3 3,745,852.8 5,121,703.8 6,535,036.9 161,663.8 379,658.9 682,371.6 136,669.1 1,611,832.9 45,987.2 140,635.5 256,999.4 231,313.9 402,092.3 1,414,130.6 554,505.7 543,969.5 314,857.9 1,922,682.0 994,809.3 532,172.8 188,921.2
2023 1,222,751.5 3,738,063.4 3,895,061.5 5,342,459.9 6,836,471.3 168,969.3 362,426.8 691,355.4 150,883.1 1,663,717.1 70,501.6 151,838.5 238,497.7 239,873.9 429,248.8 1,509,289.1 581,315.3 597,653.5 315,042.7 2,038,273.1 981,107.3 525,662.6 49,092.0 52,780.8 115,062.3 216,300.9 36,900.3 55,526.3 188,759.4
2024 1,274,831.9 3,908,907.7 4,160,483.5 5,684,294.8 7,203,865.0 182,145.5 374,407.4 718,279.0 148,106.3 1,753,937.4 62,311.9 163,650.2 235,116.8 270,953.3 457,669.4 1,663,168.7 590,698.8 619,780.0 309,091.5 2,159,458.2 1,043,722.5 530,956.2 53,985.5 51,084.4 107,924.3 228,423.7 37,761.8 51,776.5 165,566.9
2024.10 1,249,942.2 3,864,435.7 4,121,874.2 5,606,391.0 7,101,731.2 178,040.9 371,459.4 700,441.9 145,930.9 1,749,607.4 57,460.1 172,986.2 231,525.8 256,983.1 457,961.2 1,625,570.7 579,326.6 616,640.1 299,373.6 2,147,204.3 1,008,394.4 547,248.6 56,042.4 52,325.6 104,447.8 237,390.8 38,329.8 58,712.3 162,285.9
11 1,248,767.1 3,871,430.8 4,141,348.7 5,638,660.3 7,143,879.8 180,496.9 371,744.0 696,526.2 152,025.5 1,750,431.9 57,073.2 172,574.7 232,543.7 258,014.7 465,239.6 1,648,103.0 589,174.2 615,753.1 300,292.2 2,151,055.2 1,013,118.2 553,397.2 55,100.3 52,321.1 104,445.7 245,830.2 39,388.3 56,311.5 161,609.9
12 1,274,831.9 3,908,907.7 4,160,483.5 5,684,294.8 7,203,865.0 182,145.5 374,407.4 718,279.0 148,106.3 1,753,937.4 62,311.9 163,650.2 235,116.8 270,953.3 457,669.4 1,663,168.7 590,698.8 619,780.0 309,091.5 2,159,458.2 1,043,722.5 530,956.2 53,985.5 51,084.4 107,924.3 228,423.7 37,761.8 51,776.5 165,566.9
2025.01 1,283,792.1 3,913,501.4 4,189,544.4 5,725,996.0 7,249,738.0 182,098.1 388,054.3 713,639.7 141,244.2 1,751,385.4 60,936.6 164,899.1 239,283.1 271,960.9 458,150.2 1,691,977.5 596,314.7 617,804.6 309,622.7 2,162,602.2 1,037,059.7 562,831.1 52,282.5 49,926.8 107,027.1 253,744.1 41,411.8 58,438.8 161,595.2
02 1,276,968.3 3,916,993.6 4,202,747.9 5,755,620.0 7,284,160.9 186,550.0 381,058.5 709,359.8 153,437.5 1,749,105.8 61,039.8 166,109.5 244,440.9 265,891.8 462,762.8 1,720,755.6 601,059.9 621,729.1 305,752.0 2,169,154.6 1,037,146.1 559,168.8 55,865.3 49,512.3 106,529.3 250,651.7 40,117.9 56,492.4 160,012.1
03 1,275,958.0 3,911,297.6 4,225,705.0 5,761,286.7 7,298,323.9 185,234.6 380,531.4 710,192.0 144,433.2 1,754,754.5 61,570.4 159,483.8 249,057.2 266,040.5 466,300.9 1,729,174.9 605,167.9 629,973.3 301,896.0 2,180,615.8 1,025,319.1 540,695.3 53,192.7 49,066.7 106,225.5 232,727.0 41,127.7 58,355.6 160,555.2
04 1,281,083.1 3,945,863.9 4,249,327.4 5,818,772.4 7,359,448.4 186,003.9 382,939.4 712,139.8 157,688.0 1,768,226.3 62,857.5 161,430.3 253,162.7 261,416.0 471,406.1 1,752,149.2 608,080.2 635,603.8 296,992.0 2,173,722.4 1,047,353.9 565,926.9 55,263.0 48,292.0 105,690.4 248,283.9 43,112.1 65,285.5 155,720.2
05 1,274,158.8 3,951,674.8 4,278,815.6 5,821,813.7 7,367,431.8 187,551.8 380,938.4 705,668.6 161,498.7 1,775,715.7 59,182.6 163,487.7 255,944.3 261,687.1 473,515.3 1,751,988.9 605,732.1 642,856.0 297,030.0 2,190,183.3 1,042,790.1 576,291.3 60,576.1 47,534.8 105,429.6 252,643.7 40,774.1 69,333.0 154,092.3
06 1,288,101.2 3,972,901.3 4,314,652.6 5,851,925.1 7,401,378.5 188,895.6 381,056.5 718,149.0 159,611.8 1,772,390.9 57,166.3 162,091.7 264,585.3 268,954.0 470,098.4 1,773,845.6 605,812.9 647,894.1 295,746.4 2,205,743.1 1,025,982.9 576,300.2 64,884.5 48,067.5 105,163.4 248,909.5 38,733.3 70,541.8 157,530.9
07 1,309,872.5 4,009,999.4 4,371,571.5 5,912,971.9 7,468,373.3 190,694.5 392,788.8 726,389.3 167,419.7 1,773,542.8 56,858.3 163,447.5 267,913.8 270,944.9 481,753.2 1,789,668.0 609,138.6 652,902.7 293,360.2 2,210,837.5 1,047,934.1 589,736.6 64,344.2 49,254.5 105,415.3 257,591.7 39,498.1 73,632.7 159,409.7
08 1,318,645.3 4,050,240.9 4,408,620.0 5,957,734.7 7,526,097.8 192,902.7 395,124.7 730,617.9 174,005.9 1,779,837.9 60,392.5 165,113.5 270,419.5 281,826.2 482,189.0 1,798,681.0 619,447.3 657,287.3 291,628.4 2,221,980.5 1,060,402.1 605,697.3 64,822.0 47,448.0 104,231.7 267,066.1 40,124.1 82,005.4 163,067.8
09 1,345,402.3 4,062,865.1 4,447,960.5 5,992,549.7 7,574,199.5 192,877.9 401,031.9 751,492.6 165,830.1 1,773,414.8 57,513.5 164,349.2 276,590.9 279,764.3 482,810.1 1,822,991.2 613,775.8 666,185.2 301,688.7 2,230,484.0 1,074,820.8 593,788.2 65,480.7 50,540.1 103,485.2 262,411.1 36,669.7 75,201.4 159,999.4
10 1,338,006.2 4,054,762.1 4,487,684.9 6,006,080.2 7,598,935.3 198,844.3 401,644.5 737,517.4 166,824.5 1,770,621.7 55,733.3 167,413.2 279,150.1 277,013.1 487,768.6 1,839,249.9 617,803.4 673,568.5 301,483.1 2,232,741.7 1,056,678.8 602,665.4 63,555.0 49,381.7 102,755.4 269,975.7 35,156.1 81,841.7 157,408.4
11 1,340,773.2 4,057,158.9 4,496,024.2 5,999,197.9 7,627,699.7 198,724.3 395,083.2 746,965.8 166,449.9 1,764,518.1 60,959.9 170,675.6 268,165.3 285,617.0 484,942.3 1,832,543.2 617,872.4 701,770.8 308,858.5 2,231,324.6 1,073,812.3 607,995.9 64,661.8 47,803.5 101,334.2 278,343.8 33,932.3 81,920.2 155,960.4
12p 1,365,926.2 4,119,814.2 4,537,768.5 6,087,014.4 7,732,152.7 198,706.2 403,691.6 763,528.4 171,748.8 1,763,395.2 68,266.8 162,715.7 279,450.9 308,310.6 477,057.5 1,877,909.1 621,694.7 700,841.2 322,602.4 2,238,932.1 1,102,412.0 610,973.6 66,762.1 53,083.6 102,799.8 273,970.3 36,023.6 78,334.1 145,966.2
주 : 1) CD, RP, 매출어음 2) CMA, 만기 2년미만 외화예수금, 발행어음 등 3) 예금취급기관 발행 금융상품 금액과 구성상품(M2, 2년이상 장기금융상품 등)의 합계가 일치하지 않는 것은 Lf에 새로 추가된 금융상품을 발행하는 비예금취급기관(Non-MMF, 연금기금, 생명보험회사, 한국증권금융)의 예금취급기관 발행 금융상품 보유분을 상호거래로 제거하였기 때문
4) Non-MMF의 수익증권, 연금기금(민간의 퇴직관련 신탁계정 등)의 퇴직연금준비금, 생명보험회사의 생명보험계약준비금, 한국증권금융의 예수금 등 5) Lf 통화발행주체(Non-MMF, 연금기금, 생명보험회사, 한국증권금융)를 제외한 기타금융기관의 상품(손해보험사 보험계약준비금, 증권회사 환매조건부채권, 자산유동화채권 등)
6) 전자단기사채 포함 7) 월별 경제주체별 계절조정결과의 합계는 계절변동조정기법의 고유한 특성상 광의통화(M2) 총량의 계절조정결과와 반드시 일치하지는 않음 8) 가계 및 가계의 편익을 위해 봉사하는 민간비영리단체 등 9) 공기업 및 민간기업 등 10) 2025.12월 통화 및 유동성 통계 개편에 따라 기타금융기관의 세분화된 통계를 2023.12월부터 제공
11) 민간의 퇴직관련 신탁계정 등(국민연금기금, 공무원연금기금, 군인연금기금 등 제외) 12) 증권기관, 여신전문기관 등 13) 서민금융기관 중앙회, 자금중개회사, 투자자문회사, 한국거래소, 금융결제원 등 14) SPC, 금융지주회사, 대부업체 등 15) 사회보장기구(국민연금기금, 고용보험기금, 산업재해보상보험 및 예방기금 등) 및 지방자치단체
2 / 8

--- 페이지 3 ---
2. 원계열
2-1. 평잔
(원계열 기준 전년동기대비 증감율, %)
Lf 포함 금융상품
예금취급기관 발행 금융상품 3) M2 : 보유 주체별
연월중 M1 M2 Lf M2 포함 금융상품 기타금융기관 포함 보유주체
협의통화 광의통화 (구M2) 금융기관유동성 M1 포함 금융상품 가계 및 5) 비금융기업 6) 기타 7) Non-MMF 보험기관 연금기금 8) 기타금융 9) 금융 10) 전속금융 11) 기타부문 12)
현금통화 요구불예금 수시입출식 MMF 2년미만 시장형상품 1) 2년미만 2년미만 기타 2) 2년이상 장기 비예금취급기관 4) 비영리단체 금융기관 중개기관 보조기관 기관 및
저축성예금 정기예적금 금융채 금전신탁 금융상품 발행 금융상품 대부업체
2022 4.2 9.8 8.5 8.3 11.8 5.7 2.0 0.5 16.0 44.5 18.6 6.6 8.7 -1.0 5.7 9.7 6.9 15.3 11.9
2023 -10.6 3.8 2.9 3.5 1.5 -12.8 -12.0 17.4 18.4 37.6 11.9 -16.4 6.6 4.4 2.0 8.5 -1.9 -2.1 6.9
2024 2.9 3.3 5.6 6.4 6.6 2.0 2.4 -1.4 3.7 1.4 10.6 -4.3 9.4 7.5 12.5 6.2 0.0 1.6 16.5 1.0 -11.0 3.3 2.0 2.1 -5.5
2024.10 2.7 3.6 6.5 7.7 6.3 2.9 1.7 -3.7 5.0 -21.0 12.0 -3.4 12.9 9.4 16.5 6.0 0.9 5.3 -12.3
11 3.7 3.3 6.4 7.3 7.4 3.5 2.9 -6.7 4.6 -25.6 9.0 -2.4 11.6 9.7 15.6 6.3 1.9 1.2 -13.3
12 4.3 4.2 6.9 6.8 7.8 2.9 4.2 -3.0 4.8 -14.8 5.7 -0.7 14.0 8.3 12.3 5.9 5.5 1.2 14.1 1.9 -11.4 5.7 -2.5 0.3 -11.5
2025.01 5.8 5.3 7.5 7.4 9.0 5.0 5.4 0.4 5.0 -2.6 6.2 -0.2 14.6 5.7 12.2 6.5 7.4 2.8 2.7 -2.2 -6.0 8.8 15.4 -6.1 -12.7
02 4.1 4.3 7.3 7.2 7.6 2.9 3.8 4.8 3.9 -6.6 4.9 -0.3 15.3 5.8 14.2 4.8 7.5 2.7 1.7 -2.6 -3.2 8.4 8.1 -5.9 -13.2
03 3.1 2.9 6.1 6.5 7.7 3.4 1.8 -2.1 2.6 -4.4 0.6 2.6 11.8 9.6 13.7 4.3 4.2 0.7 -0.4 -1.8 -3.0 4.0 -1.5 -1.0 -11.3
04 3.1 3.2 5.7 6.3 7.4 2.9 2.0 2.2 3.0 -6.6 -0.8 3.7 10.5 9.8 12.7 4.0 4.8 2.6 3.4 -4.3 -1.5 4.6 0.3 9.7 -14.5
05 3.7 3.8 6.5 6.9 7.5 3.4 2.9 6.2 3.4 -8.9 -5.6 10.0 9.0 8.1 13.8 3.7 6.7 5.0 2.8 -2.5 -0.4 6.0 2.5 20.9 -14.5
06 4.1 4.3 6.7 6.8 8.0 4.3 2.9 12.5 3.1 -8.1 -4.2 12.9 9.6 7.4 12.7 4.2 5.8 7.9 11.2 -2.3 0.8 8.3 5.4 27.2 -12.8
07 5.4 4.4 7.1 6.6 8.3 6.3 4.1 10.0 2.6 -9.8 -5.4 14.8 9.4 6.8 12.0 3.5 6.1 9.0 13.5 -4.4 1.9 10.1 -1.8 35.9 -9.3
08 6.4 5.3 8.1 7.1 8.9 7.3 5.3 18.2 2.4 -8.5 -3.9 18.0 9.9 6.3 12.0 3.7 7.8 10.8 16.7 -1.9 1.3 12.1 -3.2 39.7 -6.3
09 6.5 5.5 8.5 7.3 8.8 8.0 5.2 18.6 2.2 6.5 -5.1 20.8 8.1 6.5 12.2 3.4 8.0 11.2 14.8 -2.4 0.3 14.1 -1.5 37.0 -2.1
10 7.8 5.2 8.7 7.1 10.9 8.3 6.7 13.4 1.4 -2.8 -4.2 18.9 9.6 6.0 12.3 4.1 6.3 9.6 14.9 -4.7 -1.3 13.0 -4.5 32.7 -1.8
11 6.9 4.8 8.4 6.9 10.3 6.7 6.1 12.6 1.0 1.7 -2.1 17.0 9.5 5.3 12.8 2.9 6.8 10.7 14.4 -6.8 -2.1 15.5 -9.6 40.0 -3.2
12p 6.3 4.7 8.1 6.3 9.6 6.4 5.4 15.8 0.8 7.1 -0.3 14.9 10.2 4.9 12.2 3.2 6.0 12.3 22.2 -2.6 -3.4 16.4 -6.4 41.6 -8.2
(원계열 기준 잔액, 십억원)
Lf 포함 금융상품
예금취급기관 발행 금융상품 3) M2 : 보유 주체별
연월중 M1 M2 Lf M2 포함 금융상품 기타금융기관 포함 보유주체
협의통화 광의통화 (구M2) 금융기관유동성 M1 포함 금융상품 가계 및 5) 비금융기업 6) 기타 7) Non-MMF 보험기관 연금기금 8) 기타금융 9) 금융 10) 전속금융 11) 기타부문 12)
현금통화 요구불예금 수시입출식 MMF 2년미만 시장형상품 1) 2년미만 2년미만 기타 2) 2년이상 장기 비예금취급기관 4) 비영리단체 금융기관 중개기관 보조기관 기관 및
저축성예금 정기예적금 금융채 금전신탁 금융상품 발행 금융상품 대부업체
2022 1,339,467.6 3,565,446.6 3,722,787.2 5,001,766.7 161,442.7 414,551.0 763,473.9 131,500.9 1,401,004.9 45,032.8 135,958.5 300,592.7 211,889.0 397,847.7 1,376,325.8 1,828,721.4 1,010,198.8 549,347.0 177,179.3
2023 1,196,958.8 3,701,851.6 3,830,620.4 5,174,679.9 163,939.4 361,315.3 671,704.0 154,321.7 1,659,434.0 61,982.1 152,101.9 251,219.2 225,833.9 415,196.1 1,404,472.3 1,983,725.9 991,169.7 537,609.8 47,661.1 50,669.7 119,418.1 227,875.7 40,059.7 55,575.9 189,346.2
2024 1,231,309.2 3,823,112.0 4,045,625.8 5,507,485.7 174,713.3 368,568.4 688,027.5 152,127.2 1,720,977.5 62,840.8 168,238.4 240,447.8 247,171.1 446,467.0 1,579,352.3 2,107,464.5 990,723.5 545,995.7 55,511.9 51,183.9 106,310.8 235,417.0 40,855.7 56,716.4 178,928.4
2024.10 1,233,192.0 3,856,940.4 4,110,078.8 5,613,130.9 177,248.9 367,214.4 688,728.7 148,229.9 1,754,330.8 58,783.6 172,636.8 234,921.9 254,845.3 458,269.7 1,642,671.5 2,128,281.2 1,003,804.8 550,850.8 55,868.2 53,294.4 104,468.8 238,860.7 39,447.2 58,911.6 174,003.5
11 1,237,811.4 3,881,925.7 4,146,729.2 5,637,789.1 178,598.4 365,567.7 693,645.3 151,017.8 1,764,329.9 58,809.0 173,256.4 239,902.8 256,798.5 463,449.7 1,639,311.2 2,137,757.4 1,018,453.8 552,974.3 55,986.1 52,733.2 103,978.7 241,616.1 40,085.4 58,574.8 172,740.2
12 1,264,427.8 3,906,282.9 4,186,558.8 5,685,829.8 180,715.4 370,240.7 713,471.7 145,438.1 1,761,875.9 59,881.2 167,976.2 241,532.0 265,151.7 462,047.1 1,662,579.0 2,142,749.4 1,045,180.8 547,527.8 54,363.6 51,620.1 105,845.6 240,938.5 39,039.4 55,720.7 170,824.9
2025.01 1,270,567.1 3,921,714.4 4,204,227.0 5,722,126.7 184,232.6 377,543.3 708,791.2 154,337.9 1,753,073.5 59,910.3 167,534.3 246,498.5 269,792.8 463,772.1 1,684,053.9 2,161,785.5 1,047,758.7 554,912.9 54,459.1 50,684.9 107,394.1 243,831.0 41,706.1 56,837.7 157,257.2
02 1,258,894.4 3,920,448.5 4,224,196.3 5,753,206.8 185,863.3 376,361.8 696,669.4 161,696.6 1,748,738.2 58,487.3 168,570.3 250,605.8 273,455.9 463,649.5 1,718,930.4 2,158,311.8 1,037,597.1 563,992.6 55,412.1 49,884.7 106,475.3 252,569.5 41,514.8 58,136.3 160,546.9
03 1,277,580.5 3,924,087.0 4,244,069.8 5,769,912.6 184,872.7 386,196.9 706,510.8 153,243.4 1,747,356.9 59,298.9 164,832.4 253,357.2 268,417.7 467,109.7 1,726,779.0 2,175,486.2 1,029,095.1 551,054.7 55,936.5 49,663.9 106,227.3 242,117.3 40,998.1 56,111.7 168,451.0
04 1,278,898.1 3,935,845.0 4,240,955.7 5,798,915.3 185,253.8 385,825.1 707,819.2 161,982.6 1,750,810.5 61,319.7 162,495.3 256,790.2 263,548.6 474,532.7 1,739,049.2 2,183,152.9 1,037,158.5 563,199.0 56,099.4 49,269.0 105,804.9 245,762.1 44,273.2 61,990.4 152,334.6
05 1,273,718.6 3,955,366.9 4,270,088.4 5,827,713.7 187,032.9 383,086.8 703,598.9 170,575.2 1,760,618.2 61,223.4 161,588.0 262,752.1 264,891.4 472,864.6 1,756,747.6 2,193,268.5 1,031,296.6 575,005.9 58,449.9 48,678.6 105,376.4 249,543.5 44,279.3 68,678.2 155,795.9
06 1,282,441.2 3,972,892.3 4,304,015.3 5,851,460.0 187,829.7 387,223.4 707,388.2 168,522.1 1,768,422.7 59,809.3 164,393.7 265,355.1 263,948.2 474,563.1 1,766,585.2 2,195,102.7 1,032,696.7 583,102.7 62,845.2 48,278.5 105,097.9 255,310.0 42,692.5 68,878.6 161,990.3
07 1,295,912.6 3,993,116.2 4,345,720.3 5,895,328.4 188,900.0 391,762.5 715,250.1 170,116.5 1,767,110.0 59,481.3 162,298.9 268,567.6 269,629.2 479,645.3 1,791,834.7 2,199,747.5 1,049,196.2 585,724.3 64,324.5 48,733.1 105,289.8 256,067.6 42,255.8 69,053.5 158,448.1
08 1,301,278.5 4,031,011.4 4,396,293.2 5,939,762.8 190,211.6 393,164.9 717,902.0 175,607.3 1,774,414.3 61,378.8 164,934.7 277,827.5 275,570.4 482,786.4 1,801,185.6 2,203,398.5 1,058,124.6 602,240.2 65,177.9 48,906.4 104,692.9 266,301.7 41,790.8 75,370.5 167,248.1
09 1,316,334.5 4,055,458.9 4,426,389.7 5,985,528.3 192,741.2 398,335.5 725,257.8 171,090.8 1,781,167.8 63,306.5 164,076.4 281,530.6 277,952.2 485,627.4 1,818,547.2 2,208,350.9 1,068,704.6 606,994.2 64,447.3 50,066.5 103,782.6 270,818.5 40,873.1 77,006.2 171,409.3
10 1,329,038.2 4,056,854.5 4,466,337.7 6,012,293.0 196,486.5 397,595.9 734,955.9 168,143.0 1,778,504.0 57,160.7 165,320.1 279,300.8 279,387.6 485,584.8 1,845,372.4 2,214,793.1 1,067,448.8 603,794.7 64,165.2 50,781.2 103,065.1 269,900.5 37,679.2 78,203.5 170,817.7
11 1,322,863.2 4,066,699.3 4,494,560.1 6,025,374.7 196,919.8 390,242.0 735,701.5 170,055.9 1,782,476.0 59,821.4 169,566.1 280,647.5 281,269.1 488,080.7 1,849,360.0 2,199,615.9 1,087,415.4 612,402.7 64,033.0 49,133.7 101,836.9 279,182.9 36,233.5 81,982.8 167,265.2
12p 1,343,941.5 4,089,767.8 4,524,646.7 6,042,780.1 198,046.0 394,103.2 751,792.4 168,417.9 1,775,924.7 64,149.8 167,519.5 277,580.1 292,234.3 484,812.9 1,865,338.6 2,210,336.4 1,107,955.5 614,725.2 66,406.1 50,297.5 102,226.6 280,360.0 36,549.5 78,885.4 156,750.6
주 : 1) CD, RP, 매출어음 2) CMA, 만기 2년미만 외화예수금, 발행어음 등 3) 예금취급기관 발행 금융상품 금액과 구성상품(M2, 2년이상 장기금융상품 등)의 합계가 일치하지 않는 것은 Lf에 새로 추가된 금융상품을 발행하는 비예금취급기관(Non-MMF, 연금기금, 생명보험회사, 한국증권금융)의 예금취급기관 발행 금융상품 보유분을 상호거래로 제거하였기 때문
4) Non-MMF의 수익증권, 연금기금(민간의 퇴직관련 신탁계정 등)의 퇴직연금준비금, 생명보험회사의 생명보험계약준비금, 한국증권금융의 예수금 등
5) 가계 및 가계의 편익을 위해 봉사하는 민간비영리단체 등 6) 공기업 및 민간기업 등 7) 2025.12월 통화 및 유동성 통계 개편에 따라 기타금융기관의 세분화된 통계를 2023.12월부터 제공 8) 민간의 퇴직관련 신탁계정 등(국민연금기금, 공무원연금기금, 군인연금기금 등 제외)
9) 증권기관, 여신전문기관 등 10) 서민금융기관 중앙회, 자금중개회사, 투자자문회사, 한국거래소, 금융결제원 등 11) SPC, 금융지주회사, 대부업체 등 12) 사회보장기구(국민연금기금, 고용보험기금, 산업재해보상보험 및 예방기금 등) 및 지방자치단체
3 / 8

--- 페이지 4 ---
2. 원계열
2-2. 말잔
L 포함 금융상품 (원계열 기준 전년동기대비 증감율, %)
Lf 포함 금융상품
예금취급기관 발행 금융상품 3) M2 : 보유 주체별
연월말 M1 M2 Lf L M2 포함 금융상품 기타금융기관 포함 보유주체
협의통화 광의통화 (구M2) 금융기관유동성 광의유동성 M1 포함 금융상품 가계 및 7) 비금융기업 8) 기타 9) Non-MMF 보험기관 연금기금 10) 기타금융 11) 금융 12) 전속금융 13) 기타부문 14)
현금통화 요구불예금 수시입출식 MMF 2년미만 시장형상품 1) 2년미만 2년미만 기타 2) 2년이상 장기 비예금취급기관 4) 기타금융기관 국채,지방채 등 회사채,CP 6) 비영리단체 금융기관 중개기관 보조기관 기관 및
저축성예금 정기예적금 금융채 금전신탁 금융상품 등 발행 금융상품 상품 5) 대부업체
2022 -9.8 7.5 4.0 6.2 6.5 4.2 -8.6 -13.1 16.7 28.2 11.0 19.5 -13.0 13.0 2.6 3.3 -1.0 19.9 6.3 10.0 -0.9 12.4 20.9
2023 0.3 2.6 3.9 4.4 4.7 4.6 -3.8 1.6 11.3 3.2 54.5 8.0 -6.9 3.7 6.8 6.7 4.8 10.0 0.1 6.0 -1.3 -1.2 0.6
2024 3.7 4.3 6.6 6.2 5.2 7.9 2.2 3.5 -1.4 5.3 -11.1 7.8 -3.1 13.0 6.6 10.2 1.6 3.2 -1.9 5.5 6.5 1.0 10.0 -3.2 -6.2 5.6 2.3 -6.8 -12.0
2024.10 3.3 4.1 6.9 8.1 6.9 7.1 4.0 2.0 -3.3 5.2 -20.3 15.1 -2.0 12.1 9.8 16.5 5.1 2.3 -1.9 6.1 1.7 7.0 -12.4
11 3.2 3.9 6.4 7.3 6.3 7.7 3.3 2.1 0.2 4.9 -22.3 12.2 -0.7 10.0 9.9 14.2 4.2 3.3 -1.7 6.0 2.4 5.4 -14.3
12 3.7 4.3 6.6 6.2 5.2 7.9 2.2 3.5 -1.4 5.3 -11.1 7.8 -3.1 13.0 6.6 10.2 1.6 3.2 -1.9 5.5 6.5 1.0 10.0 -3.2 -6.2 5.6 2.3 -6.8 -12.0
2025.01 6.6 4.7 7.1 7.1 6.1 10.5 6.8 5.5 -5.1 4.5 -10.7 4.2 -2.4 14.2 3.8 13.1 4.0 2.0 -0.1 6.2 6.2 2.5 -1.1 -6.1 -5.7 11.2 8.3 -7.5 -15.1
02 3.4 3.6 6.4 7.0 5.8 7.7 2.7 2.7 4.6 3.3 0.9 2.8 0.4 11.7 7.1 14.5 4.3 0.7 -1.4 4.3 6.5 2.7 2.5 1.1 -3.7 8.7 7.0 -9.6 -14.8
03 1.8 2.6 5.3 6.0 5.2 7.6 2.0 0.3 -2.7 3.0 -1.0 -0.4 1.8 9.9 9.0 13.0 3.6 3.6 -1.7 4.1 3.2 0.6 -0.6 -3.1 -2.7 2.5 -2.1 6.5 -12.9
04 3.7 3.9 6.5 7.1 6.4 7.4 2.7 3.3 5.6 3.5 -0.8 -3.2 7.5 8.7 7.7 14.3 5.3 4.4 -1.0 4.0 6.6 4.6 2.0 -3.2 -1.2 7.0 0.4 18.2 -15.1
05 4.0 4.1 6.8 7.1 6.5 7.8 4.9 2.5 8.2 3.5 -7.2 -4.5 10.7 9.4 7.5 13.5 4.9 6.4 -0.5 4.3 5.9 6.7 8.7 -2.6 0.1 8.2 1.1 23.0 -14.5
06 4.0 3.9 6.8 6.4 5.7 8.1 4.5 2.7 7.6 3.0 -12.9 -3.7 12.5 9.8 6.7 12.5 2.7 6.3 -3.0 4.1 4.3 7.4 16.5 -4.9 0.9 6.2 -4.6 37.3 -10.9
07 6.0 4.8 7.8 6.8 6.0 8.5 6.5 5.2 14.1 2.5 -10.5 -3.4 16.5 8.1 6.8 11.7 2.9 6.8 -3.9 3.9 6.0 10.3 18.7 -2.0 1.8 10.3 -5.5 43.4 -8.0
08 6.6 5.6 8.5 7.3 6.9 9.2 7.1 5.7 20.1 2.5 0.3 -3.9 19.1 9.5 6.0 11.9 8.7 6.1 -1.3 4.0 7.6 11.6 15.0 -3.6 0.6 13.1 -2.4 45.6 -4.6
09 8.8 5.7 9.1 7.4 7.0 10.3 8.2 8.8 12.6 1.8 -0.1 -3.3 20.3 8.0 6.4 12.2 6.1 7.8 0.5 4.3 8.3 9.2 19.0 -3.0 -0.5 10.9 -5.5 31.0 -3.2
10 6.7 4.7 8.6 7.0 6.9 10.5 7.0 5.5 14.5 1.2 -3.3 -3.2 19.2 7.8 6.5 13.1 6.6 9.5 0.7 3.9 4.8 10.1 13.4 -5.6 -1.6 13.7 -8.3 39.4 -3.4
11 7.5 4.9 8.6 6.4 6.8 10.1 6.7 7.3 9.9 0.8 6.9 -1.1 15.9 10.7 4.2 11.2 4.9 14.0 2.9 3.7 6.0 9.9 17.4 -8.6 -3.0 13.2 -13.9 45.5 -3.5
12p 7.0 5.2 9.0 7.0 7.3 9.2 7.4 6.2 16.0 0.5 9.8 -0.6 18.6 13.8 4.2 12.9 5.2 13.6 4.4 3.8 5.7 15.1 23.7 3.9 -4.7 19.9 -4.6 51.3 -11.7
L 포함 금융상품 (원계열 기준 잔액, 십억원)
Lf 포함 금융상품
예금취급기관 발행 금융상품 3) M2 : 보유 주체별
연월말 M1 M2 Lf L M2 포함 금융상품 기타금융기관 포함 보유주체
협의통화 광의통화 (구M2) 금융기관유동성 광의유동성 M1 포함 금융상품 가계 및 7) 비금융기업 8) 기타 9) Non-MMF 보험기관 연금기금 10) 기타금융 11) 금융 12) 전속금융 13) 기타부문 14)
현금통화 요구불예금 수시입출식 MMF 2년미만 시장형상품 1) 2년미만 2년미만 기타 2) 2년이상 장기 비예금취급기관 4) 기타금융기관 국채,지방채 등 회사채,CP 6) 비영리단체 금융기관 중개기관 보조기관 기관 및
저축성예금 정기예적금 금융채 금전신탁 금융상품 등 발행 금융상품 상품 5) 대부업체
2022 1,243,808.2 3,639,590.9 3,758,235.5 5,120,716.0 6,522,030.0 161,362.3 383,085.2 699,360.7 123,924.7 1,612,002.6 42,906.3 140,635.5 244,999.7 231,313.9 402,092.3 1,414,130.6 554,505.7 531,950.3 314,857.9 1,921,525.6 1,012,522.1 532,172.8 173,370.4
2023 1,247,774.9 3,735,167.9 3,904,552.6 5,343,961.8 6,825,594.7 168,768.9 368,631.0 710,375.0 137,944.9 1,663,415.4 66,286.8 151,838.5 228,033.7 239,873.9 429,248.8 1,509,289.1 581,315.3 585,274.8 315,042.7 2,035,911.8 999,204.8 525,662.6 49,092.0 52,780.8 115,062.3 216,300.9 36,900.3 55,526.3 174,388.8
2024 1,294,069.8 3,896,522.7 4,160,355.8 5,674,867.7 7,178,715.0 182,070.2 376,734.1 735,265.5 136,002.0 1,751,935.7 58,931.7 163,650.2 220,979.9 270,953.3 457,669.4 1,663,168.7 590,698.8 604,057.0 309,091.5 2,148,400.3 1,063,683.2 530,956.2 53,985.5 51,084.4 107,924.3 228,423.7 37,761.8 51,776.5 153,482.9
2024.10 1,236,936.8 3,867,980.1 4,117,633.7 5,607,867.4 7,106,376.6 177,805.6 366,217.0 692,914.2 145,895.5 1,762,461.1 59,040.7 172,986.2 233,676.7 256,983.1 457,961.2 1,625,570.7 579,326.6 619,809.1 299,373.6 2,136,811.4 1,013,335.6 547,248.6 56,042.4 52,325.6 104,447.8 237,390.8 38,329.8 58,712.3 170,584.4
11 1,243,185.6 3,891,294.6 4,157,642.5 5,657,545.5 7,159,591.9 179,443.4 370,306.4 693,435.8 151,231.7 1,768,548.6 58,728.9 172,574.7 239,010.4 258,014.7 465,239.6 1,648,103.0 589,174.2 612,580.0 300,292.2 2,139,093.7 1,025,905.0 553,397.2 55,100.3 52,321.1 104,445.7 245,830.2 39,388.3 56,311.5 172,898.7
12 1,294,069.8 3,896,522.7 4,160,355.8 5,674,867.7 7,178,715.0 182,070.2 376,734.1 735,265.5 136,002.0 1,751,935.7 58,931.7 163,650.2 220,979.9 270,953.3 457,669.4 1,663,168.7 590,698.8 604,057.0 309,091.5 2,148,400.3 1,063,683.2 530,956.2 53,985.5 51,084.4 107,924.3 228,423.7 37,761.8 51,776.5 153,482.9
2025.01 1,271,067.9 3,903,317.9 4,178,654.9 5,711,307.3 7,225,326.2 187,966.1 380,615.6 702,486.2 146,060.3 1,745,392.4 59,771.6 164,899.1 244,165.8 271,960.9 458,150.2 1,691,977.5 596,314.7 608,081.6 309,622.7 2,166,114.7 1,023,451.0 562,831.1 52,282.5 49,926.8 107,027.1 253,744.1 41,411.8 58,438.8 150,921.1
02 1,268,620.1 3,921,166.8 4,220,066.6 5,757,345.8 7,280,120.1 185,135.8 379,993.1 703,491.2 159,403.0 1,752,139.5 59,016.0 166,109.5 249,986.9 265,891.8 462,762.8 1,720,755.6 601,059.9 615,962.4 305,752.0 2,167,257.7 1,029,354.5 559,168.8 55,865.3 49,512.3 106,529.3 250,651.7 40,117.9 56,492.4 165,385.7
03 1,298,357.5 3,920,129.5 4,228,094.1 5,773,911.6 7,304,021.3 184,938.6 389,074.3 724,344.5 145,123.8 1,749,903.5 58,090.0 159,483.8 243,130.3 266,040.5 466,300.9 1,729,174.9 605,167.9 623,045.8 301,896.0 2,191,095.9 1,033,584.7 540,695.3 53,192.7 49,066.7 106,225.5 232,727.0 41,127.7 58,355.6 154,753.6
04 1,268,701.7 3,930,369.6 4,228,391.9 5,802,982.9 7,348,523.3 186,038.0 378,471.8 704,191.9 163,601.9 1,756,903.8 63,709.7 161,430.3 254,606.2 261,416.0 471,406.1 1,752,149.2 608,080.2 640,468.2 296,992.0 2,184,454.8 1,031,832.1 565,926.9 55,263.0 48,292.0 105,690.4 248,283.9 43,112.1 65,285.5 148,155.8
05 1,276,429.0 3,965,821.8 4,281,047.6 5,835,711.4 7,393,265.4 187,530.0 384,168.2 704,730.9 170,193.9 1,771,448.2 61,606.0 163,487.7 260,969.9 261,687.1 473,515.3 1,751,988.9 605,732.1 654,791.9 297,030.0 2,204,694.5 1,028,651.5 576,291.3 60,576.1 47,534.8 105,429.6 252,643.7 40,774.1 69,333.0 156,184.5
06 1,315,705.6 3,975,620.0 4,313,364.8 5,857,263.3 7,414,232.3 188,217.2 394,565.2 732,923.2 153,047.0 1,764,082.5 57,275.9 162,091.7 254,463.4 268,954.0 470,098.4 1,773,845.6 605,812.9 655,409.8 295,746.4 2,207,979.8 1,036,074.4 576,300.2 64,884.5 48,067.5 105,163.4 248,909.5 38,733.3 70,541.8 155,265.6
07 1,293,587.4 3,997,670.5 4,356,000.7 5,899,185.1 7,460,271.6 189,616.3 386,964.9 717,006.2 172,677.4 1,769,131.4 58,377.0 163,447.5 269,504.9 270,944.9 481,753.2 1,789,668.0 609,138.6 658,587.8 293,360.2 2,209,159.5 1,041,187.5 589,736.6 64,344.2 49,254.5 105,415.3 257,591.7 39,498.1 73,632.7 157,586.8
08 1,314,969.0 4,056,713.2 4,417,757.2 5,963,642.1 7,540,471.0 191,424.3 398,942.0 724,602.7 173,163.5 1,782,279.4 61,902.0 165,113.5 277,459.7 281,826.2 482,189.0 1,798,681.0 619,447.3 665,753.1 291,628.4 2,219,874.6 1,059,307.0 605,697.3 64,822.0 47,448.0 104,231.7 267,066.1 40,124.1 82,005.4 171,834.4
09 1,354,262.7 4,059,617.6 4,447,787.0 5,991,662.3 7,573,991.3 195,099.3 404,932.9 754,230.5 154,587.4 1,780,391.8 57,347.3 164,349.2 268,914.9 279,764.3 482,810.1 1,822,991.2 613,775.8 666,864.5 301,688.7 2,225,754.8 1,075,390.2 593,788.2 65,480.7 50,540.1 103,485.2 262,411.1 36,669.7 75,201.4 164,684.3
10 1,319,383.2 4,050,412.1 4,472,179.8 5,999,387.2 7,597,242.4 196,482.4 391,973.3 730,927.4 167,024.9 1,783,961.3 57,109.6 167,413.2 278,506.9 277,013.1 487,768.6 1,839,249.9 617,803.4 678,568.7 301,483.1 2,220,702.2 1,062,280.5 602,665.4 63,555.0 49,381.7 102,755.4 269,975.7 35,156.1 81,841.7 164,764.0
11 1,336,471.6 4,081,033.5 4,514,133.1 6,021,586.1 7,646,409.4 197,587.9 394,979.8 743,904.0 166,182.8 1,782,402.7 62,758.5 170,675.6 276,925.3 285,617.0 484,942.3 1,832,543.2 617,872.4 698,092.3 308,858.5 2,218,411.4 1,087,858.5 607,995.9 64,661.8 47,803.5 101,334.2 278,343.8 33,932.3 81,920.2 166,767.8
12p 1,384,211.0 4,099,933.2 4,532,903.7 6,069,649.9 7,700,094.2 198,753.6 404,736.8 780,720.6 157,819.5 1,760,097.8 64,715.6 162,715.7 262,063.0 308,310.6 477,057.5 1,877,909.1 621,694.7 686,147.2 322,602.4 2,229,602.1 1,123,856.7 610,973.6 66,762.1 53,083.6 102,799.8 273,970.3 36,023.6 78,334.1 135,500.8
주 : 1) CD, RP, 매출어음 2) CMA, 만기 2년미만 외화예수금, 발행어음 등 3) 예금취급기관 발행 금융상품 금액과 구성상품(M2, 2년이상 장기금융상품 등)의 합계가 일치하지 않는 것은 Lf에 새로 추가된 금융상품을 발행하는 비예금취급기관(Non-MMF, 연금기금, 생명보험회사, 한국증권금융)의 예금취급기관 발행 금융상품 보유분을 상호거래로 제거하였기 때문
4) Non-MMF의 수익증권, 연금기금(민간의 퇴직관련 신탁계정 등)의 퇴직연금준비금, 생명보험회사의 생명보험계약준비금, 한국증권금융의 예수금 등 5) Lf 통화발행주체(Non-MMF, 연금기금, 생명보험회사, 한국증권금융)를 제외한 기타금융기관의 상품(손해보험사 보험계약준비금, 증권회사 환매조건부채권, 자산유동화채권 등)
6) 전자단기사채 포함 7) 가계 및 가계의 편익을 위해 봉사하는 민간비영리단체 등 8) 공기업 및 민간기업 등 9) 2025.12월 통화 및 유동성 통계 개편에 따라 기타금융기관의 세분화된 통계를 2023.12월부터 제공 10) 민간의 퇴직관련 신탁계정 등(국민연금기금, 공무원연금기금, 군인연금기금 등 제외)
11) 증권기관, 여신전문기관 등 12) 서민금융기관 중앙회, 자금중개회사, 투자자문회사, 한국거래소, 금융결제원 등 13) SPC, 금융지주회사, 대부업체 등 14) 사회보장기구(국민연금기금, 고용보험기금, 산업재해보상보험 및 예방기금 등) 및 지방자치단체
4 / 8